P1
 3.91824e-06
-5.82711e-09
  1.0217e-09
0.0141411
0.000140182
0.707036
-0.707036
P2
  0.558904
-0.0168443
0.00403806
0.0320737
-0.0459105
-0.705964
0.70603
P3
  1.15301
-0.124078
0.0113625
0.0810118
-0.0950869
-0.701601
0.701535
P4
  1.74073
-0.319362
0.0198984
0.128976
-0.143112
-0.694006
0.693715
P5
  2.27413
-0.573858
0.0245395
0.175641
-0.189774
-0.68322
0.682896
P6
  2.77409
-0.906918
0.0287785
0.221869
-0.236397
-0.668972
0.668854
P7
  3.22658
 -1.30592
0.0328684
0.267824
-0.282225
-0.651456
0.651325
P8
  3.61714
 -1.74413
0.0409127
0.311581
-0.325791
-0.631437
0.630923
P9
  3.95461
 -2.26146
0.0457136
0.356008
-0.369825
-0.607178
0.606484
P10
  4.21121
 -2.81689
0.0500548
0.398277
-0.411502
-0.580196
0.579149
P11
  4.38928
 -3.39653
0.0552328
0.438273
-0.450882
-0.550555
0.549101
P12
 4.48773
-4.01502
0.061365
0.476739
-0.489536
-0.517029
0.515514
P13
  4.49386
 -4.66614
0.0690219
0.51363
-0.527148
-0.479486
0.477905
P14
  4.39252
 -5.32945
0.0706492
0.548779
-0.561969
-0.438356
0.436894
P15
  4.19497
 -5.95352
0.0714566
0.580209
-0.592707
-0.39589
0.394116
P16
  3.89628
 -6.57765
0.0709102
0.609918
-0.621494
-0.348818
0.346513
P17
  3.49107
 -7.15277
0.0688651
0.636226
-0.646903
-0.298649
0.295874
P18
  3.00451
 -7.65593
0.0654982
0.658306
-0.668028
-0.246834
0.243813
P19
  2.42282
 -8.08423
0.0595673
0.676778
-0.685381
-0.19185
0.188197
P20
   1.7755
 -8.41295
0.0509732
0.690802
-0.698082
-0.135073
0.131258
P21
  1.04233
 -8.64331
0.0403505
0.700496
-0.706366
-0.0741669
0.0696481
P22
 0.266482
 -8.74272
0.0312059
0.704741
-0.709338
-0.0115653
0.006784
P23
-0.491987
 -8.69908
0.0197111
0.703615
-0.706776
0.0493934
-0.0543518
P24
-0.866713
 -8.62849
0.0150553
0.700971
-0.703598
0.0798223
-0.0849555
P25
  -1.55893
  -8.40911
0.00469726
0.692506
-0.693707
0.13752
-0.14246
P26
   -2.21258
   -8.07649
-0.00532425
0.678988
-0.679014
0.194797
-0.199925
P27
   -2.78472
   -7.64916
-0.00941476
0.661291
-0.660306
0.249664
-0.253689
P28
 -3.46136
 -6.90777
-0.013871
0.629069
-0.626745
0.323863
-0.32646
P29
  -3.66253
  -6.60501
-0.0176047
0.615399
-0.612529
0.349462
-0.352092
P30
  -3.95095
  -6.03431
-0.0231011
0.588763
-0.584946
0.393128
-0.395787
P31
   -4.1562
  -5.42023
-0.0278574
0.558483
-0.553855
0.435204
-0.438107
P32
  -4.27412
  -4.76242
-0.0335941
0.524294
-0.518615
0.476142
-0.479003
P33
 -4.28995
 -4.14439
-0.047052
0.491671
-0.482334
0.511744
-0.513549
P34
  -4.21418
   -3.4773
-0.0436865
0.452128
-0.44179
0.547499
-0.548313
P35
  -4.04972
  -2.88713
-0.0403159
0.413234
-0.402499
0.577278
-0.577911
P36
 -3.81088
  -2.3351
-0.033769
0.372428
-0.361508
0.604148
-0.604661
P37
  -3.49618
  -1.82673
-0.0377281
0.330594
-0.31853
0.628019
-0.628362
P38
  -3.11112
  -1.35915
-0.0350771
0.286608
-0.273295
0.649459
-0.649129
P39
  -2.68732
 -0.957445
-0.0287358
0.24233
-0.228771
0.667042
-0.666329
P40
  -2.21947
 -0.620432
-0.0237247
0.197459
-0.183818
0.681276
-0.680502
P41
 -1.70984
-0.348599
-0.016798
0.151654
-0.137792
0.692656
-0.69155
P42
  -0.884515
 -0.0879865
-0.00612808
0.082563
-0.0679374
0.703956
-0.70215
P43
 -0.290155
0.00416899
0.00288952
0.0336706
-0.0187679
0.707781
-0.705379
